90015675
90015675
90015675
90015675
90015675
90015675
90015675
90016824
90016824
90023025
90023025
90023025
90023025
90024610
90027563
90027563
90027563
90027563
90032594
90032594
90032594
90032594
90032594
90032594
90032594
90032594
90067894
90067894
90083585
90083585
90083585
90083585
90083585
90083585
90083585
90083585
90093444
90093993
90105585
90105585
90110430
90110430
90110430
90110430
90110430
90110430
90110430
90110430
90131477
90131477
90131477
90131477
90131477
90131477
90131477
90131477
90131477
90131477
90131477
90132256
90144264
90144264
90144264
90160432
90160432
90160432
90160432
90160432
90160432
90163134
90163134
90181862
90181862
90181862
90181862
90181862
90181862
90259587
90259587
90259587
90259587
90358934
90358934
90358934
90358934
90358934
90358934
90358934
90358934
90358934
90358934
90358934
90358934
90358934
90358934
90358934
90358934
90358934
90358934
90358934
90358934
90358934
90358934
90358934
90358934
90358934
90358934
90363569
90363569
90377463
90377463
90377463
90377463
90398356
90398356
90398356
90398356
90398356
90398356
90406266
90406266
90410998
90413803
90413803
90413803
90413803
90433406
90433406
90433406
90433406
90433406
90433406
90433406
90436091
90436091
90444756
90444756
90444756
90473160
90473160
90473160
90473160
90473160
90473160
90473160
90473160
90474167
90474167
90489917
90489917
90503142
90503142
90509510
90509510
90509510
90509510
90509510
90509510
90509510
90509510
90509510
90509510
90509510
90509510
90509510
90509510
90509510
90509510
90509510
90509510
90509510
90509510
90509510
90509510
90509510
90509510
90509510
90509510
90523326
90523326
90538317
90538317
90538317
90538317
90539281
90547189
90547189
90547189
90547189
90547189
90547189
90547189
90547189
90547189
90547189
90547189
90547189
90547189
90547189
90547189
90547189
90547189
90547189
90547189
90547189
90547189
90547189
90547189
90547189
90547189
90547189
90547189
90547189
90547189
90547189
90547189
90547189
90547189
90547189
90547189
90547189
90548204
90548204
90548204
90548204
90548204
90548204
90548204
90548204
90551608
90551608
90551608
90551608
90551608
90551608
90551608
90551608
90551608
90551608
90551608
90551608
90562130
90562130
90565669
90565669
90565669
90565669
90565669
90569881
90590544
90590544
90590544
90590544
90590544
90590544
90590544
90601068
90601068
90601068
90601068
90601068
90601068
90601068
90601068
90613257
90613257
90613257
90613257
90613257
90613257
90613257
90613257
90623225
90623225
90623225
90623225
90623225
90623225
90623225
90623225
90623225
90623225
90623225
90623225
90623225
90623225
90623225
90623225
90623225
90623225
90623225
90623225
90623225
90623225
90623225
90623225
90623225
90623225
90623225
90623225
90623225
90623225
90623225
90623225
90623225
90623225
90623225
90623225
90623225
90623225
90623225
90623225
90623225
90623225
90623225
90623225
90623225
90623225
90623225
90623225
90623225
90623225
90623225
90623225
90623225
90623225
90623225
90623225
90623225
90623225
90623225
90623225
90623225
90623225
90623225
90623225
90623225
90623225
90623225
90623225
90623225
90623225
90623225
90623225
90623225
90623225
90623225
90623225
90623225
90623225
90623225
90623225
90623225
90623225
90623225
90626764
90649672
90649672
90649672
90649672
90649672
90649672
90649672
90649672
90649672
90649672
90649672
90668286
90668286
90681744
90681744
90681744
90681744
90681744
90681744
90681744
90681744
90681744
90681744
90681744
90681744
90681744
90713690
90713690
90713690
90713690
90713690
90713690
90713690
90713690
90726041
90726041
90726041
90726041
90726041
90726041
90726041
90726041
90726041
90726041
90726041
90726041
90726041
90726041
90726041
90726041
90726041
90726041
90726041
90726041
90726041
90726041
90726041
90726041
90726041
90726041
90726041
90726041
90726041
90726041
90726041
90726041
90726041
90726041
90726041
90726041
90731223
90731223
90731223
90731223
90731223
90731223
90731223
90731223
90732546
90732546
90732546
90732546
90732546
90732546
90732546
90732546
90732546
90734182
90739785
90739785
90740043
90740043
90747191
90771779
90771779
90771779
90771779
90771779
90771779
90771779
90790005
90790005
90790005
90790005
90800423
90800423
90800423
90800423
90800423
90800423
90800423
90841760
90841760
90841760
90841760
90841760
90841760
90841760
90841760
90879870
90879870
90879870
90879870
90879870
90879870
90879870
90880287
90880287
90880287
90880287
90880287
90889671
90908519
90908519
90908519
90908519
90908519
90909126
90909126
90916961
90916961
90932296
90932296
90932296
90932296
90932296
90932296
90932296
90932296
90961911
90961911
90961911
90961911
90989888
90989888
90989888
90989888
91002205
91002205
91002205
91002205
91002205
91002205
91009110
91009110
91009110
91009110
91009110
91009110
91009110
91009110
91009110
91009110
91009110
91009110
91009110
91009110
91009110
91009110
91009110
91009110
91009110
91009110
91009110
91009110
91009110
91009110
91009110
91009110
91031503
91038143
91038143
91038143
91038143
91038143
91038143
91038143
91038143
91038143
91038143
91038143
91038143
91038143
91038143
91038143
91038143
91038143
91038143
91038143
91038143
91038143
91038143
91038143
91038143
91038143
91038143
91038143
91038143
91038143
91038143
91038143
91046062
91046062
91046062
91046062
91046062
91046062
91046062
91082467
91082467
91082467
91082467
91082467
91082467
91084984
91084984
91084984
91084984
91084984
91084984
91087617
91087617
91087617
91087617
91087617
91087617
91087617
91087617
91087617
91087617
91087617
91087617
91087617
91087617
91087617
91087617
91087617
91087617
91087617
91087617
91087617
91087617
91087617
91087617
91087617
91087617
91094069
91094069
91094069
91094069
91094069
91094069
91094069
91094069
91127564
91127564
91127564
91127564
91127564
91127564
91127564
91127564
91127564
91127564
91127564
91127564
91127564
91127564
91127564
91161595
91184672
91184672
91221386
91224086
91232578
91232578
91232578
91232578
91232578
91235292
91235292
91235410
91235410
91235410
91235410
91235410
91235410
91235410
91247938
91247938
91247938
91247938
91247938
91247938
91247938
91247938
91271503
91271503
91292039
91292039
91294400
91305435
91305435
91305435
91305435
91305435
91305435
91305435
91305435
91335199
91335199
91337282
91337282
91346390
91346390
91346715
91356863
91362608
91362608
91362608
91362608
91362608
91362608
91362608
91362608
91362608
91376074
91376074
91376074
91376074
91376074
91376074
91376074
91393521
91393521
91393521
91393521
91393521
91393521
91393521
91393521
91393521
91393521
91393521
91393521
91393521
91393521
91393521
91393521
91393521
91393521
91393521
91393521
91393521
91393521
91393521
91393521
91393521
91418572
91418572
91443046
91443046
91460323
91460323
91473204
91473204
91473204
91473204
91475937
91475937
91475937
91475937
91475937
91475937
91482940
91482940
91482940
91482940
91482940
91487045
91487045
91487045
91487045
91487045
91487045
91487045
91487045
91487045
91487045
91487045
91487045
91487045
91487045
91487045
91487045
91487045
91487045
91487045
91487045
91487045
91487045
91487045
91487045
91487045
91487045
91488672
91488672
91488672
91488672
91488672
91488672
91488672
91488672
91488672
91494286
91494286
91494286
91494286
91494286
91494286
91494286
91494286
91494286
91494286
91494286
91494286
91494286
91494286
91494286
91494286
91494286
91494286
91494286
91494286
91494286
91494286
91494286
91494286
91494286
91494286
91494286
91494286
91494286
91494286
91494286
91499924
91499924
91499924
91499924
91499924
91499924
91499924
91499924
91502074
91502074
91514948
91523969
91523969
91523969
91523969
91523969
91523969
91523969
91523969
91523969
91543956
91543956
91543956
91543956
91543956
91543956
91543956
91543956
91543956
91543956
91543956
91543956
91543956
91543956
91543956
91543956
91543956
91543956
91543956
91543956
91543956
91543956
91543956
91543956
91543956
91543956
91543956
91543956
91543956
91543956
91543956
91543956
91546753
91551024
91551024
91551024
91551024
91551024
91551024
91551024
91551024
91551024
91551024
91551024
91551024
91551024
91551024
91551024
91551024
91551024
91551024
91551024
91551024
91551024
91551024
91551024
91551024
91551024
91551024
91563102
91570491
91570491
91570491
91570491
91574267
91574267
91599125
91599125
91599125
91599125
91599125
91599125
91599125
91599125
91602544
91602544
91602544
91605146
91605146
91605146
91605146
91608071
91608071
91642169
91642169
91642169
91642169
91642169
91642169
91642169
91642169
91642169
91642169
91642169
91642169
91642169
91642169
91642169
91642169
91642169
91642169
91642169
91642169
91642169
91642169
91642169
91642169
91642169
91642169
91642169
91642169
91642169
91642169
91647951
91647951
91654833
91654833
91654833
91654833
91654833
91654833
91659202
91659202
91659202
91659202
91659202
91659202
91659202
91659202
91659202
91659202
91659202
91659202
91659202
91659202
91659202
91659202
91659202
91659202
91659202
91659202
91659202
91659202
91659202
91659202
91659202
91659202
91661257
91668051
91668051
91668051
91668051
91668051
91668051
91668175
91668175
91668175
91668175
91668175
91668175
91670311
91670311
91674204
91674204
91689034
91689034
91710421
91710421
91710421
91710421
91710421
91710421
91710421
91717484
91717484
91721663
91721663
91721663
91721663
91721663
91721663
91721663
91721663
91721663
91721663
91721663
91721663
91721663
91721663
91721663
91721663
91721663
91721663
91721663
91721663
91721663
91721663
91721663
91721663
91721663
91721663
91726511
91726511
91726511
91726511
91738988
91738988
91739171
91739171
91739171
91739171
91739171
91739171
91739171
91739171
91756348
91756931
91756931
91767307
91782571
91782571
91782571
91782571
91796663
91796663
91807243
91807243
91811809
91811809
91811809
91816590
91816590
91827975
91827975
91827975
91827975
91827975
91827975
91831793
91831793
91831793
91831793
91852064
91871776
91871776
91871776
91871776
91907083
91907083
91907083
91907083
91907083
91934382
91934382
91944874
91944874
91944874
91944874
91944874
91944874
91944874
91944874
91962629
91962629
91969191
91969191
91969191
91969191
91969191
91969191
91969191
91978973
91978973
92012313
92012313
92013874
92013874
92028140
92028140
92028140
92028140
92028140
92028140
92046899
92046899
92046899
92048491
92048491
92048491
92048491
92048491
92048491
92048491
92048491
92051692
92051692
92051692
92051692
92085304
92085304
92086558
92086558
92118286
92118286
92118286
92119316
92119316
92119316
92122846
92122846
92122846
92122846
92122846
92122846
92122846
92122846
92122846
92126319
92126319
92128441
92128441
92128441
92128441
92128441
92128441
92128441
92132941
92135041
92150024
92150024
92150024
92150024
92150024
92150024
92168908
92168908
92168908
92168908
92168908
92170832
92170832
92192372
92235038
92235038
92235038
92235038
92235038
92252297
92252297
92252297
92255614
92255614
92255614
92255614
92255614
92255614
92255614
92255614
92255614
92255614
92255614
92255614
92255614
92255614
92255614
92255614
92255614
92255614
92255614
92255614
92255614
92255614
92255614
92255614
92255614
92255614
92255614
92255614
92255614
92271178
92271178
92271178
92271178
92271178
92271178
92271178
92277125
92277125
92277125
92277125
92278574
92278574
92278574
92278574
92286810
92286810
92286810
92286810
92286810
92286810
92286810
92286810
92300206
92300206
92300811
92300811
92300811
92300811
92300811
92300811
92300811
92300811
92315248
92315248
92319867
92338384
92349613
92349613
92349613
92349613
92349613
92349613
92349613
92349613
92349613
92349613
92349613
92349613
92349613
92360329
92360329
92360329
92360329
92360329
92360329
92361816
92361816
92393330
92393330
92399537
92399537
92399537
92399537
92399537
92399537
92399537
92399537
92399537
92399537
92399537
92399537
92399537
92399537
92399537
92399537
92399537
92399537
92399537
92399537
92399537
92399537
92399537
92399537
92399537
92399537
92399537
92399537
92399537
92399537
92399537
92399537
92399537
92399537
92399537
92399537
92399567
92399567
92399567
92399567
92399567
92399567
92399567
92399567
92399567
92399567
92399567
92399567
92399567
92399567
92399567
92399567
92399567
92399567
92399567
92399567
92399567
92399567
92399567
92399567
92399567
92399567
92399567
92399567
92399567
92399567
92399567
92399567
92399567
92399567
92399567
92399567
92399588
92399588
92399588
92399588
92399588
92399588
92399588
92399588
92399588
92399588
92399588
92399588
92399588
92399588
92399588
92399588
92399588
92399588
92399588
92399588
92399588
92399588
92399588
92399588
92399588
92399588
92399588
92399588
92399588
92399588
92399588
92399588
92399588
92399588
92399588
92399588
92409724
92409724
92428330
92438800
92438800
92438800
92439255
92439255
92441316
92441316
92441316
92441316
92441316
92441316
92441316
92441316
92441316
92441316
92441316
92441316
92441316
92441316
92441316
92441316
92441316
92441316
92441316
92461062
92461062
92461062
92461062
92461062
92461062
92461062
92491260
92491260
92497881
92497881
92497881
92497881
92497881
92497881
92497881
92497881
92547363
92547363
92555968
92555968
92574129
92574129
92586698
92586698
92610465
92610465
92624930
92624930
92638313
92659402
92659402
92697636
92697636
92724593
92724593
92724593
92724593
92724593
92724593
92724593
92731023
92731023
92814766
92814766
92814766
92814766
92833084
92833084
92873278
92873278
92891568
92891568
92891568
92891568
92895889
92895889
92895889
92898681
92898681
92910619
92915416
92915416
92915416
92915416
92915416
92915416
92915416
92917946
92917946
92917946
92917946
92917946
92917946
92917946
92917946
92917946
92917946
92917946
92917946
92917946
92917946
92917946
92917946
92917946
92917946
92917946
92917946
92917946
92917946
92917946
92917946
92917946
92917946
92917946
92917946
92917946
92917946
92917946
92930078
92930078
92930078
92930078
92930078
92930078
92930078
92930078
92930078
92930078
92930078
92930078
92930078
92930078
92930078
92930078
92930078
92930078
92930078
92930078
92930078
92930078
92930078
92930078
92930078
92930078
92930078
92930078
92930078
92930078
92930078
92930078
92930078
92930078
92930078
92938969
92938969
92938969
92938969
92938969
92938969
92938969
92938969
92938969
92938969
92938969
92938969
92945622
92945622
92950339
92967356
92967356
93079592
93079592
93079592
93079592
93079592
93079592
93079592
93079592
93079592
93079592
93079592
93079592
93079592
93079592
93079592
93079592
93079592
93079592
93079592
93079592
93079592
93079592
93079592
93079592
93079592
93079592
93079592
93079592
93079592
93112742
93112742
93125750
93125750
93138464
93138464
93168039
93168039
93199823
93199823
93208529
93208529
93208529
93208529
93208529
93208529
93208529
93222028
93222028
93222249
93222249
93222249
93222249
93222249
93222249
93222249
93222249
93234944
93265880
93275891
93275891
93275891
93275891
93275891
93275891
93279550
93279550
93279550
93279550
93279550
93279550
93279550
93279550
93279550
93279550
93279550
93279550
93279550
93279550
93279550
93279550
93279550
93279550
93279550
93279550
93279550
93279550
93279550
93279550
93279550
93279550
93279550
93279550
93279550
93279550
93279550
93279550
93279550
93279550
93279550
93279550
93279550
93279550
93279550
93279550
93279550
93279550
93279550
93279550
93279550
93279550
93279550
93279550
93279550
93279550
93319419
93319419
93323336
93323336
93323336
93323336
93323336
93323336
93323336
93323336
93326030
93330469
93334164
93334164
93376822
93376822
93376822
93376822
93376822
93376822
93376822
93376822
93376822
93376822
93376822
93376822
93376822
93376822
93376822
93376822
93376822
93376822
93376822
93376822
93376822
93376822
93376822
93376822
93376822
93376822
93376822
93376822
93376822
93376822
93376822
93376822
93376822
93376822
93376822
93376822
93382435
93382435
93446879
93446879
93476086
93476086
93483139
93483139
93487224
93487224
93487224
93487224
93487224
93487224
93487224
93487224
93487224
93487224
93487224
93487224
93490695
93490695
93499700
93499700
93531438
93539032
93539032
93554948
93559147
93559147
93559147
93559147
93559147
93559147
93559147
93559147
93559147
93559147
93559147
93559147
93559147
93559147
93559147
93559147
93559147
93559147
93559147
93559147
93559147
93559147
93559147
93559147
93559147
93559147
93559147
93559147
93559147
93559147
93559147
93559147
93559147
93559147
93559147
93559147
93562300
93564009
93564009
93564009
93564009
93568908
93568908
93568908
93568908
93569811
93569811
93581222
93581222
93581222
93581222
93581222
93581222
93582701
93582701
93590804
93590804
93590804
93590804
93601369
93601369
93620906
93620906
93658678
93658678
93678395
93678395
93707368
93715290
93715290
93721999
93721999
93734826
93734826
93748129
93765683
93765683
93767954
93767954
93767954
93798388
93798388
93798388
93798388
93798388
93798388
93798388
93798388
93798388
93798388
93798388
93798388
93798388
93798388
93798388
93798388
93798388
93798388
93798388
93798388
93798388
93798388
93798388
93798388
93798388
93798388
93798388
93798388
93798388
93798388
93798388
93798388
93798388
93798388
93801966
93804929
93804929
93804929
93804929
93804929
93804929
93804929
93830313
93830313
93830555
93830555
93830555
93830555
93830555
93830555
93830555
93830555
93839570
93840536
93840536
93857047
93857047
93857397
93857397
93926103
93926103
93931395
93931395
93935609
93935609
93936193
93936193
93947459
93947459
93954488
93954488
93972361
93972361
93977944
93977944
93977944
93981296
93981296
93981296
93981296
93981296
93981296
93981296
93981296
93981296
93981296
93981296
93981296
93981296
93985988
93985988
93986747
93986747
93993134
93995980
93998855
93998855
94000211
94000211
94000211
94000211
94000211
94000211
94011341
94011341
94018577
94018577
94018577
94018577
94018772
94018772
94027401
94027401
94045652
94045652
94090610
94110982
94113176
94113176
94132281
94176409
94187074
94187074
94190199
94190199
94203641
94203641
94206780
94206780
94217833
94217833
94226349
94226349
94271791
94271791
94273605
94273605
94308241
94316962
94316962
94343325
94343325
94376493
94376493
94386535
94386535
94386535
94386535
94386535
94386535
94386535
94386535
94386535
94386535
94386535
94386535
94386535
94386535
94386535
94387186
94387186
94387186
94387186
94399679
94399679
94427981
94458552
94458552
94473060
94473060
94486508
94486508
94522777
94540674
94540674
94540674
94540674
94540674
94540674
94552053
94552053
94552053
94575620
94575620
94579090
94579090
94645549
94645549
94645549
94645549
94645549
94645549
94650975
94650975
94683349
94699259
94699259
94716576
94716576
94716576
94716576
94716576
94716576
94716576
94745335
94754035
94754035
94771043
94788802
94810085
94810085
94810085
94810085
94822377
94822377
94823301
94823301
94827977
94840387
94853249
94857230
94873045
94873045
94888870
94888870
94911434
94915384
94915384
94917306
94919860
94919860
94919860
94920533
94936429
94936429
94936429
94937413
94938004
94949846
94949846
94975795
94975795
95002546
95002546
95002818
95002818
95059605
95075469
95075469
95077186
95077186
95077186
95077186
95077186
95077186
95077186
95077186
95098168
95099536
95099536
95099536
95099536
95104550
95104550
95104550
95133451
95133451
95160572
95160572
95160572
95160572
95172608
95172608
95178784
95178784
95178784
95186159
95186159
95201777
95201777
95338508
95338508
95340577
95340577
95343355
95343355
95345497
95345497
95345497
95345497
95349788
95374381
95374381
95382927
95382927
95382927
95382927
95391362
95391362
95405809
95405809
95409519
95409519
95414606
95414606
95456202
95457933
95457933
95461736
95461736
95485348
95485348
95485348
95492006
95495833
95495833
95495833
95495833
95496803
95496803
95503439
95517543
95533913
95533913
95534739
95534739
95545350
95545350
95549029
95551506
95568362
95568362
95568362
95568362
95571574
95571574
95571574
95571999
95571999
95571999
95571999
95571999
95571999
95593977
95593977
95606673
95606673
95609694
95609694
95609694
95609694
95609694
95609694
95609694
95609694
95609694
95609694
95609694
95609694
95609694
95609694
95609694
95609694
95609694
95609694
95609694
95617934
95617934
95619747
95619747
95644051
95644051
95649101
95649101
95651724
95651724
95689686
95690080
95690080
95707143
95725133
95725133
95726415
95726415
95751651
95759405
95759405
95776179
95790371
95796537
95808397
95808397
95823682
95829011
95829011
95887605
95887605
95887605
95887605
95887605
95891567
95893494
95893494
95904697
95904697
95907571
95907571
95924768
95924768
95940956
95940956
95940956
95940956
95940956
95940956
95944622
95944622
95971567
95971567
95999633
95999633
96009253
96009253
96012824
96012824
96013508
96028224
96028224
96029647
96029647
96029647
96030401
96030401
96030835
96035739
96035739
96035739
96036674
96039331
96039331
96044186
96044186
96044929
96047511
96047511
96048300
96048300
96050196
96050196
96050639
96050639
96050698
96050698
96050698
96061297
96061297
96068337
96068337
96071781
96071781
96072789
96072789
96073133
96075645
96076493
96076493
96077437
96077437
96078785
96078785
96080132
96080132
96080132
96080132
96081976
96081976
96081976
96081976
96081976
96083604
96083604
96084858
96088452
96088452
96093280
96093280
96093343
96093343
96093343
96093343
96103589
96103589
96103589
96104456
96104456
96110071
96111212
96111212
96117076
96117076
96118541
96118541
96120083
96120083
96120333
96120333
96121439
96121439
96122417
96122417
96125208
96125208
96126630
96129248
96130857
96130857
96131155
96131155
96131388
96131388
96134217
96134217
96134217
96134217
96136491
96136491
96139923
96139923
96140381
96140381
96140622
96140622
96141724
96141724
96141908
96141908
96143548
96143548
96143548
96143548
96144760
96144760
96147182
96147182
96147579
96147579
96148090
96148090
96149211
96149211
96221519
96221519
96221519
96221519
96221519
96221519
96221519
96221519
96266753
96266753
96266753
96266753
96266753
96266753
96266753
96266753
96500908
96500908
96500908
96500908
96550821
96550821
96550821
96550821
96550821
96670116
96670116
96788104
96788104
96788104
96788104
96788104
96788104
96788104
96788104
96788104
96788104
96788104
96788104
96788104
96788104
96788104
96788104
96788104
96788104
96788104
96788104
96788104
96788104
96788104
96788104
96788104
96788104
96788104
96788104
96788104
96788104
96788104
96852119
96852119
96852119
96852119
96852119
97081914
97357080
97357080
97357080
97357080
97357080
97357080
97624455
97718009
97730174
97730174
97887914
97988966
98109978
98109978
98302996
98302996
98517147
98517147
98517147
99482758
99482758
99482758
99482758
99482758
99482758
99482758
99482758
99482758
99482758
99482758
99482758
99482758
99482758
99482758
99482758
99482758
99482758
99482758
99482758
99482758
99482758
99482758
99482758
99482758
99482758